(kicad_pcb (version 20171130) (host pcbnew "(5.1.5-0-10_14)")

  (general
    (thickness 1.6)
    (drawings 26)
    (tracks 402)
    (zones 0)
    (modules 56)
    (nets 138)
  )

  (page A4)
  (layers
    (0 F.Cu signal)
    (31 B.Cu signal)
    (32 B.Adhes user)
    (33 F.Adhes user)
    (34 B.Paste user)
    (35 F.Paste user)
    (36 B.SilkS user)
    (37 F.SilkS user)
    (38 B.Mask user)
    (39 F.Mask user)
    (40 Dwgs.User user)
    (41 Cmts.User user)
    (42 Eco1.User user)
    (43 Eco2.User user)
    (44 Edge.Cuts user)
    (45 Margin user)
    (46 B.CrtYd user)
    (47 F.CrtYd user)
    (48 B.Fab user)
    (49 F.Fab user)
  )

  (setup
    (last_trace_width 0.254)
    (user_trace_width 0.254)
    (user_trace_width 0.508)
    (trace_clearance 0.2)
    (zone_clearance 0.508)
    (zone_45_only no)
    (trace_min 0.254)
    (via_size 0.8)
    (via_drill 0.4)
    (via_min_size 0.4)
    (via_min_drill 0.3)
    (uvia_size 0.3)
    (uvia_drill 0.1)
    (uvias_allowed no)
    (uvia_min_size 0.2)
    (uvia_min_drill 0.1)
    (edge_width 0.05)
    (segment_width 0.2)
    (pcb_text_width 0.3)
    (pcb_text_size 1.5 1.5)
    (mod_edge_width 0.12)
    (mod_text_size 1 1)
    (mod_text_width 0.15)
    (pad_size 1.524 1.524)
    (pad_drill 0.762)
    (pad_to_mask_clearance 0.051)
    (solder_mask_min_width 0.25)
    (aux_axis_origin 0 0)
    (visible_elements FFFFFF7F)
    (pcbplotparams
      (layerselection 0x210fc_ffffffff)
      (usegerberextensions false)
      (usegerberattributes false)
      (usegerberadvancedattributes false)
      (creategerberjobfile false)
      (excludeedgelayer true)
      (linewidth 0.100000)
      (plotframeref false)
      (viasonmask false)
      (mode 1)
      (useauxorigin false)
      (hpglpennumber 1)
      (hpglpenspeed 20)
      (hpglpendiameter 15.000000)
      (psnegative false)
      (psa4output false)
      (plotreference true)
      (plotvalue true)
      (plotinvisibletext false)
      (padsonsilk false)
      (subtractmaskfromsilk false)
      (outputformat 1)
      (mirror false)
      (drillshape 0)
      (scaleselection 1)
      (outputdirectory "gerber"))
  )

  (net 0 "")
  (net 1 /3v3)
  (net 2 GND)
  (net 3 "Net-(C2-Pad1)")
  (net 4 /5v)
  (net 5 "Net-(D1-Pad1)")
  (net 6 "Net-(D1-Pad2)")
  (net 7 "Net-(D1-Pad5)")
  (net 8 "Net-(D1-Pad6)")
  (net 9 "Net-(D2-Pad6)")
  (net 10 "Net-(D2-Pad5)")
  (net 11 "Net-(D3-Pad5)")
  (net 12 "Net-(D3-Pad6)")
  (net 13 "Net-(D4-Pad6)")
  (net 14 "Net-(D4-Pad5)")
  (net 15 "Net-(D5-Pad5)")
  (net 16 "Net-(D5-Pad6)")
  (net 17 "Net-(D6-Pad6)")
  (net 18 "Net-(D6-Pad5)")
  (net 19 "Net-(D7-Pad5)")
  (net 20 "Net-(D7-Pad6)")
  (net 21 "Net-(D8-Pad6)")
  (net 22 "Net-(D8-Pad5)")
  (net 23 "Net-(D10-Pad2)")
  (net 24 "Net-(D10-Pad1)")
  (net 25 "Net-(D10-Pad5)")
  (net 26 "Net-(D10-Pad6)")
  (net 27 "Net-(D11-Pad5)")
  (net 28 "Net-(D11-Pad6)")
  (net 29 "Net-(D12-Pad6)")
  (net 30 "Net-(D12-Pad5)")
  (net 31 "Net-(D13-Pad5)")
  (net 32 "Net-(D13-Pad6)")
  (net 33 "Net-(D14-Pad6)")
  (net 34 "Net-(D14-Pad5)")
  (net 35 "Net-(D15-Pad6)")
  (net 36 "Net-(D15-Pad5)")
  (net 37 "Net-(D16-Pad6)")
  (net 38 "Net-(D16-Pad5)")
  (net 39 "Net-(D17-Pad5)")
  (net 40 "Net-(D17-Pad6)")
  (net 41 "Net-(D18-Pad6)")
  (net 42 "Net-(D18-Pad5)")
  (net 43 "Net-(D19-Pad5)")
  (net 44 "Net-(D19-Pad6)")
  (net 45 "Net-(D20-Pad6)")
  (net 46 "Net-(D20-Pad5)")
  (net 47 "Net-(D21-Pad5)")
  (net 48 "Net-(D21-Pad6)")
  (net 49 "Net-(D22-Pad6)")
  (net 50 "Net-(D22-Pad5)")
  (net 51 "Net-(D23-Pad5)")
  (net 52 "Net-(D23-Pad6)")
  (net 53 "Net-(D24-Pad6)")
  (net 54 "Net-(D24-Pad5)")
  (net 55 "Net-(D25-Pad5)")
  (net 56 "Net-(D25-Pad6)")
  (net 57 "Net-(D26-Pad6)")
  (net 58 "Net-(D26-Pad5)")
  (net 59 "Net-(D27-Pad5)")
  (net 60 "Net-(D27-Pad6)")
  (net 61 "Net-(D28-Pad6)")
  (net 62 "Net-(D28-Pad5)")
  (net 63 "Net-(D29-Pad6)")
  (net 64 "Net-(D29-Pad5)")
  (net 65 "Net-(D30-Pad5)")
  (net 66 "Net-(D30-Pad6)")
  (net 67 "Net-(D31-Pad6)")
  (net 68 "Net-(D31-Pad5)")
  (net 69 "Net-(D32-Pad5)")
  (net 70 "Net-(D32-Pad6)")
  (net 71 /IO13-MOSI)
  (net 72 /IO14-CLK)
  (net 73 "Net-(J1-PadA2)")
  (net 74 "Net-(J1-PadA3)")
  (net 75 /CC1)
  (net 76 /D+)
  (net 77 /D-)
  (net 78 "Net-(J1-PadA10)")
  (net 79 "Net-(J1-PadA8)")
  (net 80 "Net-(J1-PadA11)")
  (net 81 "Net-(J1-PadB2)")
  (net 82 "Net-(J1-PadB3)")
  (net 83 /CC2)
  (net 84 "Net-(J1-PadB8)")
  (net 85 "Net-(J1-PadB10)")
  (net 86 "Net-(J1-PadB11)")
  (net 87 /EN-RTS)
  (net 88 "Net-(U2-Pad4)")
  (net 89 "Net-(U2-Pad5)")
  (net 90 "Net-(U2-Pad6)")
  (net 91 "Net-(U2-Pad7)")
  (net 92 "Net-(U2-Pad8)")
  (net 93 "Net-(U2-Pad9)")
  (net 94 "Net-(U2-Pad10)")
  (net 95 "Net-(U2-Pad11)")
  (net 96 "Net-(U2-Pad12)")
  (net 97 "Net-(U2-Pad14)")
  (net 98 "Net-(U2-Pad17)")
  (net 99 "Net-(U2-Pad18)")
  (net 100 "Net-(U2-Pad19)")
  (net 101 "Net-(U2-Pad20)")
  (net 102 "Net-(U2-Pad21)")
  (net 103 "Net-(U2-Pad22)")
  (net 104 "Net-(U2-Pad23)")
  (net 105 "Net-(U2-Pad24)")
  (net 106 /DTR-IO0)
  (net 107 "Net-(U2-Pad26)")
  (net 108 "Net-(U2-Pad27)")
  (net 109 "Net-(U2-Pad28)")
  (net 110 "Net-(U2-Pad29)")
  (net 111 "Net-(U2-Pad30)")
  (net 112 "Net-(U2-Pad31)")
  (net 113 "Net-(U2-Pad32)")
  (net 114 "Net-(U2-Pad33)")
  (net 115 /RX-IO3)
  (net 116 /TX-IO1)
  (net 117 "Net-(U2-Pad36)")
  (net 118 "Net-(U2-Pad37)")
  (net 119 "Net-(U3-Pad7)")
  (net 120 "Net-(U3-Pad8)")
  (net 121 "Net-(U3-Pad9)")
  (net 122 "Net-(U3-Pad10)")
  (net 123 "Net-(U3-Pad11)")
  (net 124 "Net-(U3-Pad12)")
  (net 125 "Net-(U3-Pad15)")
  (net 126 "Net-(U4-Pad6)")
  (net 127 "Net-(U4-Pad5)")
  (net 128 "Net-(U4-Pad4)")
  (net 129 "Net-(U4-Pad7)")
  (net 130 "Net-(U4-Pad8)")
  (net 131 "Net-(U4-Pad9)")
  (net 132 "Net-(U4-Pad11)")
  (net 133 "Net-(U4-Pad12)")
  (net 134 "Net-(U4-Pad13)")
  (net 135 "Net-(U4-Pad14)")
  (net 136 "Net-(U4-Pad15)")
  (net 137 "Net-(U4-Pad16)")

  (net_class Default "This is the default net class."
    (clearance 0.2)
    (trace_width 0.254)
    (via_dia 0.8)
    (via_drill 0.4)
    (uvia_dia 0.3)
    (uvia_drill 0.1)
    (diff_pair_width 0.254)
    (diff_pair_gap 0.25)
    (add_net /3v3)
    (add_net /5v)
    (add_net /CC1)
    (add_net /CC2)
    (add_net /D+)
    (add_net /D-)
    (add_net /DTR-IO0)
    (add_net /EN-RTS)
    (add_net /IO13-MOSI)
    (add_net /IO14-CLK)
    (add_net /RX-IO3)
    (add_net /TX-IO1)
    (add_net GND)
    (add_net "Net-(C2-Pad1)")
    (add_net "Net-(D1-Pad1)")
    (add_net "Net-(D1-Pad2)")
    (add_net "Net-(D1-Pad5)")
    (add_net "Net-(D1-Pad6)")
    (add_net "Net-(D10-Pad1)")
    (add_net "Net-(D10-Pad2)")
    (add_net "Net-(D10-Pad5)")
    (add_net "Net-(D10-Pad6)")
    (add_net "Net-(D11-Pad5)")
    (add_net "Net-(D11-Pad6)")
    (add_net "Net-(D12-Pad5)")
    (add_net "Net-(D12-Pad6)")
    (add_net "Net-(D13-Pad5)")
    (add_net "Net-(D13-Pad6)")
    (add_net "Net-(D14-Pad5)")
    (add_net "Net-(D14-Pad6)")
    (add_net "Net-(D15-Pad5)")
    (add_net "Net-(D15-Pad6)")
    (add_net "Net-(D16-Pad5)")
    (add_net "Net-(D16-Pad6)")
    (add_net "Net-(D17-Pad5)")
    (add_net "Net-(D17-Pad6)")
    (add_net "Net-(D18-Pad5)")
    (add_net "Net-(D18-Pad6)")
    (add_net "Net-(D19-Pad5)")
    (add_net "Net-(D19-Pad6)")
    (add_net "Net-(D2-Pad5)")
    (add_net "Net-(D2-Pad6)")
    (add_net "Net-(D20-Pad5)")
    (add_net "Net-(D20-Pad6)")
    (add_net "Net-(D21-Pad5)")
    (add_net "Net-(D21-Pad6)")
    (add_net "Net-(D22-Pad5)")
    (add_net "Net-(D22-Pad6)")
    (add_net "Net-(D23-Pad5)")
    (add_net "Net-(D23-Pad6)")
    (add_net "Net-(D24-Pad5)")
    (add_net "Net-(D24-Pad6)")
    (add_net "Net-(D25-Pad5)")
    (add_net "Net-(D25-Pad6)")
    (add_net "Net-(D26-Pad5)")
    (add_net "Net-(D26-Pad6)")
    (add_net "Net-(D27-Pad5)")
    (add_net "Net-(D27-Pad6)")
    (add_net "Net-(D28-Pad5)")
    (add_net "Net-(D28-Pad6)")
    (add_net "Net-(D29-Pad5)")
    (add_net "Net-(D29-Pad6)")
    (add_net "Net-(D3-Pad5)")
    (add_net "Net-(D3-Pad6)")
    (add_net "Net-(D30-Pad5)")
    (add_net "Net-(D30-Pad6)")
    (add_net "Net-(D31-Pad5)")
    (add_net "Net-(D31-Pad6)")
    (add_net "Net-(D32-Pad5)")
    (add_net "Net-(D32-Pad6)")
    (add_net "Net-(D4-Pad5)")
    (add_net "Net-(D4-Pad6)")
    (add_net "Net-(D5-Pad5)")
    (add_net "Net-(D5-Pad6)")
    (add_net "Net-(D6-Pad5)")
    (add_net "Net-(D6-Pad6)")
    (add_net "Net-(D7-Pad5)")
    (add_net "Net-(D7-Pad6)")
    (add_net "Net-(D8-Pad5)")
    (add_net "Net-(D8-Pad6)")
    (add_net "Net-(J1-PadA10)")
    (add_net "Net-(J1-PadA11)")
    (add_net "Net-(J1-PadA2)")
    (add_net "Net-(J1-PadA3)")
    (add_net "Net-(J1-PadA8)")
    (add_net "Net-(J1-PadB10)")
    (add_net "Net-(J1-PadB11)")
    (add_net "Net-(J1-PadB2)")
    (add_net "Net-(J1-PadB3)")
    (add_net "Net-(J1-PadB8)")
    (add_net "Net-(U2-Pad10)")
    (add_net "Net-(U2-Pad11)")
    (add_net "Net-(U2-Pad12)")
    (add_net "Net-(U2-Pad14)")
    (add_net "Net-(U2-Pad17)")
    (add_net "Net-(U2-Pad18)")
    (add_net "Net-(U2-Pad19)")
    (add_net "Net-(U2-Pad20)")
    (add_net "Net-(U2-Pad21)")
    (add_net "Net-(U2-Pad22)")
    (add_net "Net-(U2-Pad23)")
    (add_net "Net-(U2-Pad24)")
    (add_net "Net-(U2-Pad26)")
    (add_net "Net-(U2-Pad27)")
    (add_net "Net-(U2-Pad28)")
    (add_net "Net-(U2-Pad29)")
    (add_net "Net-(U2-Pad30)")
    (add_net "Net-(U2-Pad31)")
    (add_net "Net-(U2-Pad32)")
    (add_net "Net-(U2-Pad33)")
    (add_net "Net-(U2-Pad36)")
    (add_net "Net-(U2-Pad37)")
    (add_net "Net-(U2-Pad4)")
    (add_net "Net-(U2-Pad5)")
    (add_net "Net-(U2-Pad6)")
    (add_net "Net-(U2-Pad7)")
    (add_net "Net-(U2-Pad8)")
    (add_net "Net-(U2-Pad9)")
    (add_net "Net-(U3-Pad10)")
    (add_net "Net-(U3-Pad11)")
    (add_net "Net-(U3-Pad12)")
    (add_net "Net-(U3-Pad15)")
    (add_net "Net-(U3-Pad7)")
    (add_net "Net-(U3-Pad8)")
    (add_net "Net-(U3-Pad9)")
    (add_net "Net-(U4-Pad11)")
    (add_net "Net-(U4-Pad12)")
    (add_net "Net-(U4-Pad13)")
    (add_net "Net-(U4-Pad14)")
    (add_net "Net-(U4-Pad15)")
    (add_net "Net-(U4-Pad16)")
    (add_net "Net-(U4-Pad4)")
    (add_net "Net-(U4-Pad5)")
    (add_net "Net-(U4-Pad6)")
    (add_net "Net-(U4-Pad7)")
    (add_net "Net-(U4-Pad8)")
    (add_net "Net-(U4-Pad9)")
  )

  (module Capacitor_SMD:C_0805_2012Metric (layer F.Cu) (tedit 5B36C52B) (tstamp 5E1EE807)
    (at 109.8804 26.4691 90)
    (descr "Capacitor SMD 0805 (2012 Metric), square (rectangular) end terminal, IPC_7351 nominal, (Body size source: https://docs.google.com/spreadsheets/d/1BsfQQcO9C6DZCsRaXUlFlo91Tg2WpOkGARC1WS5S8t0/edit?usp=sharing), generated with kicad-footprint-generator")
    (tags capacitor)
    (path /5DBAE4B2)
    (attr smd)
    (fp_text reference C1 (at 0 -1.65 90) (layer F.SilkS)
      (effects (font (size 1 1) (thickness 0.15)))
    )
    (fp_text value 2.2uF (at 0 1.65 90) (layer F.Fab) hide
      (effects (font (size 1 1) (thickness 0.15)))
    )
    (fp_line (start -1 0.6) (end -1 -0.6) (layer F.Fab) (width 0.1))
    (fp_line (start -1 -0.6) (end 1 -0.6) (layer F.Fab) (width 0.1))
    (fp_line (start 1 -0.6) (end 1 0.6) (layer F.Fab) (width 0.1))
    (fp_line (start 1 0.6) (end -1 0.6) (layer F.Fab) (width 0.1))
    (fp_line (start -0.258578 -0.71) (end 0.258578 -0.71) (layer F.SilkS) (width 0.12))
    (fp_line (start -0.258578 0.71) (end 0.258578 0.71) (layer F.SilkS) (width 0.12))
    (fp_line (start -1.68 0.95) (end -1.68 -0.95) (layer F.CrtYd) (width 0.05))
    (fp_line (start -1.68 -0.95) (end 1.68 -0.95) (layer F.CrtYd) (width 0.05))
    (fp_line (start 1.68 -0.95) (end 1.68 0.95) (layer F.CrtYd) (width 0.05))
    (fp_line (start 1.68 0.95) (end -1.68 0.95) (layer F.CrtYd) (width 0.05))
    (fp_text user %R (at 0 0 90) (layer F.Fab)
      (effects (font (size 0.5 0.5) (thickness 0.08)))
    )
    (pad 1 smd roundrect (at -0.9375 0 90) (size 0.975 1.4) (layers F.Cu F.Paste F.Mask) (roundrect_rratio 0.25)
      (net 1 /3v3))
    (pad 2 smd roundrect (at 0.9375 0 90) (size 0.975 1.4) (layers F.Cu F.Paste F.Mask) (roundrect_rratio 0.25)
      (net 2 GND))
    (model ${KISYS3DMOD}/Capacitor_SMD.3dshapes/C_0805_2012Metric.wrl
      (at (xyz 0 0 0))
      (scale (xyz 1 1 1))
      (rotate (xyz 0 0 0))
    )
  )

  (module Capacitor_SMD:C_0805_2012Metric (layer F.Cu) (tedit 5B36C52B) (tstamp 5E1EE4F5)
    (at 100.6602 26.4691 90)
    (descr "Capacitor SMD 0805 (2012 Metric), square (rectangular) end terminal, IPC_7351 nominal, (Body size source: https://docs.google.com/spreadsheets/d/1BsfQQcO9C6DZCsRaXUlFlo91Tg2WpOkGARC1WS5S8t0/edit?usp=sharing), generated with kicad-footprint-generator")
    (tags capacitor)
    (path /5DBACFA4)
    (attr smd)
    (fp_text reference C2 (at 0 -1.65 90) (layer F.SilkS)
      (effects (font (size 1 1) (thickness 0.15)))
    )
    (fp_text value 470pF (at 0 1.65 90) (layer F.Fab) hide
      (effects (font (size 1 1) (thickness 0.15)))
    )
    (fp_text user %R (at 0 0 90) (layer F.Fab)
      (effects (font (size 0.5 0.5) (thickness 0.08)))
    )
    (fp_line (start 1.68 0.95) (end -1.68 0.95) (layer F.CrtYd) (width 0.05))
    (fp_line (start 1.68 -0.95) (end 1.68 0.95) (layer F.CrtYd) (width 0.05))
    (fp_line (start -1.68 -0.95) (end 1.68 -0.95) (layer F.CrtYd) (width 0.05))
    (fp_line (start -1.68 0.95) (end -1.68 -0.95) (layer F.CrtYd) (width 0.05))
    (fp_line (start -0.258578 0.71) (end 0.258578 0.71) (layer F.SilkS) (width 0.12))
    (fp_line (start -0.258578 -0.71) (end 0.258578 -0.71) (layer F.SilkS) (width 0.12))
    (fp_line (start 1 0.6) (end -1 0.6) (layer F.Fab) (width 0.1))
    (fp_line (start 1 -0.6) (end 1 0.6) (layer F.Fab) (width 0.1))
    (fp_line (start -1 -0.6) (end 1 -0.6) (layer F.Fab) (width 0.1))
    (fp_line (start -1 0.6) (end -1 -0.6) (layer F.Fab) (width 0.1))
    (pad 2 smd roundrect (at 0.9375 0 90) (size 0.975 1.4) (layers F.Cu F.Paste F.Mask) (roundrect_rratio 0.25)
      (net 2 GND))
    (pad 1 smd roundrect (at -0.9375 0 90) (size 0.975 1.4) (layers F.Cu F.Paste F.Mask) (roundrect_rratio 0.25)
      (net 3 "Net-(C2-Pad1)"))
    (model ${KISYS3DMOD}/Capacitor_SMD.3dshapes/C_0805_2012Metric.wrl
      (at (xyz 0 0 0))
      (scale (xyz 1 1 1))
      (rotate (xyz 0 0 0))
    )
  )

  (module Capacitor_SMD:C_0805_2012Metric (layer F.Cu) (tedit 5B36C52B) (tstamp 5E1EBF36)
    (at 91 35.6997)
    (descr "Capacitor SMD 0805 (2012 Metric), square (rectangular) end terminal, IPC_7351 nominal, (Body size source: https://docs.google.com/spreadsheets/d/1BsfQQcO9C6DZCsRaXUlFlo91Tg2WpOkGARC1WS5S8t0/edit?usp=sharing), generated with kicad-footprint-generator")
    (tags capacitor)
    (path /5DBB673E)
    (attr smd)
    (fp_text reference C3 (at 0 -1.65) (layer F.SilkS)
      (effects (font (size 1 1) (thickness 0.15)))
    )
    (fp_text value 100nF (at 0 1.65) (layer F.Fab) hide
      (effects (font (size 1 1) (thickness 0.15)))
    )
    (fp_text user %R (at 0 0) (layer F.Fab)
      (effects (font (size 0.5 0.5) (thickness 0.08)))
    )
    (fp_line (start 1.68 0.95) (end -1.68 0.95) (layer F.CrtYd) (width 0.05))
    (fp_line (start 1.68 -0.95) (end 1.68 0.95) (layer F.CrtYd) (width 0.05))
    (fp_line (start -1.68 -0.95) (end 1.68 -0.95) (layer F.CrtYd) (width 0.05))
    (fp_line (start -1.68 0.95) (end -1.68 -0.95) (layer F.CrtYd) (width 0.05))
    (fp_line (start -0.258578 0.71) (end 0.258578 0.71) (layer F.SilkS) (width 0.12))
    (fp_line (start -0.258578 -0.71) (end 0.258578 -0.71) (layer F.SilkS) (width 0.12))
    (fp_line (start 1 0.6) (end -1 0.6) (layer F.Fab) (width 0.1))
    (fp_line (start 1 -0.6) (end 1 0.6) (layer F.Fab) (width 0.1))
    (fp_line (start -1 -0.6) (end 1 -0.6) (layer F.Fab) (width 0.1))
    (fp_line (start -1 0.6) (end -1 -0.6) (layer F.Fab) (width 0.1))
    (pad 2 smd roundrect (at 0.9375 0) (size 0.975 1.4) (layers F.Cu F.Paste F.Mask) (roundrect_rratio 0.25)
      (net 2 GND))
    (pad 1 smd roundrect (at -0.9375 0) (size 0.975 1.4) (layers F.Cu F.Paste F.Mask) (roundrect_rratio 0.25)
      (net 4 /5v))
    (model ${KISYS3DMOD}/Capacitor_SMD.3dshapes/C_0805_2012Metric.wrl
      (at (xyz 0 0 0))
      (scale (xyz 1 1 1))
      (rotate (xyz 0 0 0))
    )
  )

  (module Capacitor_SMD:C_0805_2012Metric (layer F.Cu) (tedit 5B36C52B) (tstamp 5E1EBF06)
    (at 91 31.7246)
    (descr "Capacitor SMD 0805 (2012 Metric), square (rectangular) end terminal, IPC_7351 nominal, (Body size source: https://docs.google.com/spreadsheets/d/1BsfQQcO9C6DZCsRaXUlFlo91Tg2WpOkGARC1WS5S8t0/edit?usp=sharing), generated with kicad-footprint-generator")
    (tags capacitor)
    (path /5DBB7261)
    (attr smd)
    (fp_text reference C4 (at 0 -1.65) (layer F.SilkS)
      (effects (font (size 1 1) (thickness 0.15)))
    )
    (fp_text value 4.7uF (at 0 1.65) (layer F.Fab) hide
      (effects (font (size 1 1) (thickness 0.15)))
    )
    (fp_line (start -1 0.6) (end -1 -0.6) (layer F.Fab) (width 0.1))
    (fp_line (start -1 -0.6) (end 1 -0.6) (layer F.Fab) (width 0.1))
    (fp_line (start 1 -0.6) (end 1 0.6) (layer F.Fab) (width 0.1))
    (fp_line (start 1 0.6) (end -1 0.6) (layer F.Fab) (width 0.1))
    (fp_line (start -0.258578 -0.71) (end 0.258578 -0.71) (layer F.SilkS) (width 0.12))
    (fp_line (start -0.258578 0.71) (end 0.258578 0.71) (layer F.SilkS) (width 0.12))
    (fp_line (start -1.68 0.95) (end -1.68 -0.95) (layer F.CrtYd) (width 0.05))
    (fp_line (start -1.68 -0.95) (end 1.68 -0.95) (layer F.CrtYd) (width 0.05))
    (fp_line (start 1.68 -0.95) (end 1.68 0.95) (layer F.CrtYd) (width 0.05))
    (fp_line (start 1.68 0.95) (end -1.68 0.95) (layer F.CrtYd) (width 0.05))
    (fp_text user %R (at 0 0) (layer F.Fab)
      (effects (font (size 0.5 0.5) (thickness 0.08)))
    )
    (pad 1 smd roundrect (at -0.9375 0) (size 0.975 1.4) (layers F.Cu F.Paste F.Mask) (roundrect_rratio 0.25)
      (net 4 /5v))
    (pad 2 smd roundrect (at 0.9375 0) (size 0.975 1.4) (layers F.Cu F.Paste F.Mask) (roundrect_rratio 0.25)
      (net 2 GND))
    (model ${KISYS3DMOD}/Capacitor_SMD.3dshapes/C_0805_2012Metric.wrl
      (at (xyz 0 0 0))
      (scale (xyz 1 1 1))
      (rotate (xyz 0 0 0))
    )
  )

  (module Capacitor_SMD:C_0805_2012Metric (layer F.Cu) (tedit 5B36C52B) (tstamp 5E1EBED6)
    (at 109.9439 35.3718 90)
    (descr "Capacitor SMD 0805 (2012 Metric), square (rectangular) end terminal, IPC_7351 nominal, (Body size source: https://docs.google.com/spreadsheets/d/1BsfQQcO9C6DZCsRaXUlFlo91Tg2WpOkGARC1WS5S8t0/edit?usp=sharing), generated with kicad-footprint-generator")
    (tags capacitor)
    (path /5DBB99C0)
    (attr smd)
    (fp_text reference C5 (at 0 -1.65 90) (layer F.SilkS)
      (effects (font (size 1 1) (thickness 0.15)))
    )
    (fp_text value 100nF (at 0 1.65 90) (layer F.Fab) hide
      (effects (font (size 1 1) (thickness 0.15)))
    )
    (fp_line (start -1 0.6) (end -1 -0.6) (layer F.Fab) (width 0.1))
    (fp_line (start -1 -0.6) (end 1 -0.6) (layer F.Fab) (width 0.1))
    (fp_line (start 1 -0.6) (end 1 0.6) (layer F.Fab) (width 0.1))
    (fp_line (start 1 0.6) (end -1 0.6) (layer F.Fab) (width 0.1))
    (fp_line (start -0.258578 -0.71) (end 0.258578 -0.71) (layer F.SilkS) (width 0.12))
    (fp_line (start -0.258578 0.71) (end 0.258578 0.71) (layer F.SilkS) (width 0.12))
    (fp_line (start -1.68 0.95) (end -1.68 -0.95) (layer F.CrtYd) (width 0.05))
    (fp_line (start -1.68 -0.95) (end 1.68 -0.95) (layer F.CrtYd) (width 0.05))
    (fp_line (start 1.68 -0.95) (end 1.68 0.95) (layer F.CrtYd) (width 0.05))
    (fp_line (start 1.68 0.95) (end -1.68 0.95) (layer F.CrtYd) (width 0.05))
    (fp_text user %R (at 0 0 90) (layer F.Fab)
      (effects (font (size 0.5 0.5) (thickness 0.08)))
    )
    (pad 1 smd roundrect (at -0.9375 0 90) (size 0.975 1.4) (layers F.Cu F.Paste F.Mask) (roundrect_rratio 0.25)
      (net 1 /3v3))
    (pad 2 smd roundrect (at 0.9375 0 90) (size 0.975 1.4) (layers F.Cu F.Paste F.Mask) (roundrect_rratio 0.25)
      (net 2 GND))
    (model ${KISYS3DMOD}/Capacitor_SMD.3dshapes/C_0805_2012Metric.wrl
      (at (xyz 0 0 0))
      (scale (xyz 1 1 1))
      (rotate (xyz 0 0 0))
    )
  )

  (module Connector_USB:USB_C_Receptacle_Amphenol_12401610E4-2A_CircularHoles (layer F.Cu) (tedit 5A142044) (tstamp 5E1EB5FC)
    (at 81.788 44 270)
    (descr "USB TYPE C, RA RCPT PCB, SMT, https://www.amphenolcanada.com/StockAvailabilityPrice.aspx?From=&PartNum=12401610E4%7e2A")
    (tags "USB C Type-C Receptacle SMD")
    (path /5DB35124)
    (attr smd)
    (fp_text reference J1 (at 1.72 -6.7183 90) (layer F.SilkS)
      (effects (font (size 1 1) (thickness 0.15)))
    )
    (fp_text value USB_C_Receptacle (at 0 6.14 90) (layer F.Fab) hide
      (effects (font (size 1 1) (thickness 0.15)))
    )
    (fp_text user %R (at 0 0 90) (layer F.Fab)
      (effects (font (size 1 1) (thickness 0.1)))
    )
    (fp_line (start -5.69 5.73) (end -5.69 -5.87) (layer F.CrtYd) (width 0.05))
    (fp_line (start 5.69 5.73) (end -5.69 5.73) (layer F.CrtYd) (width 0.05))
    (fp_line (start 5.69 -5.87) (end 5.69 5.73) (layer F.CrtYd) (width 0.05))
    (fp_line (start -5.69 -5.87) (end 5.69 -5.87) (layer F.CrtYd) (width 0.05))
    (fp_line (start 4.6 5.23) (end 4.6 -5.22) (layer F.Fab) (width 0.1))
    (fp_line (start -4.6 5.23) (end 4.6 5.23) (layer F.Fab) (width 0.1))
    (fp_line (start 3.25 -5.37) (end 4.75 -5.37) (layer F.SilkS) (width 0.12))
    (fp_line (start -4.75 -5.37) (end -4.75 -3.85) (layer F.SilkS) (width 0.12))
    (fp_line (start -4.75 -5.37) (end -3.25 -5.37) (layer F.SilkS) (width 0.12))
    (fp_line (start -4.6 -5.22) (end 4.6 -5.22) (layer F.Fab) (width 0.1))
    (fp_line (start -4.6 5.23) (end -4.6 -5.22) (layer F.Fab) (width 0.1))
    (fp_line (start 4.75 -2.35) (end 4.75 1.89) (layer F.SilkS) (width 0.12))
    (fp_line (start 4.75 -5.37) (end 4.75 -3.85) (layer F.SilkS) (width 0.12))
    (fp_line (start -4.75 -2.35) (end -4.75 1.89) (layer F.SilkS) (width 0.12))
    (pad S1 thru_hole circle (at -4.13 -3.11 270) (size 1.4 1.4) (drill 1.1) (layers *.Cu *.Mask)
      (net 2 GND))
    (pad A1 smd rect (at -2.75 -5.02 270) (size 0.3 0.7) (layers F.Cu F.Paste F.Mask)
      (net 2 GND))
    (pad A2 smd rect (at -2.25 -5.02 270) (size 0.3 0.7) (layers F.Cu F.Paste F.Mask)
      (net 73 "Net-(J1-PadA2)"))
    (pad A3 smd rect (at -1.75 -5.02 270) (size 0.3 0.7) (layers F.Cu F.Paste F.Mask)
      (net 74 "Net-(J1-PadA3)"))
    (pad A4 smd rect (at -1.25 -5.02 270) (size 0.3 0.7) (layers F.Cu F.Paste F.Mask)
      (net 4 /5v))
    (pad A5 smd rect (at -0.75 -5.02 270) (size 0.3 0.7) (layers F.Cu F.Paste F.Mask)
      (net 75 /CC1))
    (pad A6 smd rect (at -0.25 -5.02 270) (size 0.3 0.7) (layers F.Cu F.Paste F.Mask)
      (net 76 /D+))
    (pad A7 smd rect (at 0.25 -5.02 270) (size 0.3 0.7) (layers F.Cu F.Paste F.Mask)
      (net 77 /D-))
    (pad A12 smd rect (at 2.75 -5.02 270) (size 0.3 0.7) (layers F.Cu F.Paste F.Mask)
      (net 2 GND))
    (pad A10 smd rect (at 1.75 -5.02 270) (size 0.3 0.7) (layers F.Cu F.Paste F.Mask)
      (net 78 "Net-(J1-PadA10)"))
    (pad A9 smd rect (at 1.25 -5.02 270) (size 0.3 0.7) (layers F.Cu F.Paste F.Mask)
      (net 4 /5v))
    (pad A8 smd rect (at 0.75 -5.02 270) (size 0.3 0.7) (layers F.Cu F.Paste F.Mask)
      (net 79 "Net-(J1-PadA8)"))
    (pad A11 smd rect (at 2.25 -5.02 270) (size 0.3 0.7) (layers F.Cu F.Paste F.Mask)
      (net 80 "Net-(J1-PadA11)"))
    (pad B1 smd rect (at 2.5 -3.32 270) (size 0.3 0.7) (layers F.Cu F.Paste F.Mask)
      (net 2 GND))
    (pad S1 thru_hole circle (at 4.13 -3.11 270) (size 1.4 1.4) (drill 1.1) (layers *.Cu *.Mask)
      (net 2 GND))
    (pad S1 thru_hole circle (at 4.49 2.84 270) (size 1.4 1.4) (drill 1.1) (layers *.Cu *.Mask)
      (net 2 GND))
    (pad S1 thru_hole circle (at -4.49 2.84 270) (size 1.4 1.4) (drill 1.1) (layers *.Cu *.Mask)
      (net 2 GND))
    (pad "" np_thru_hole circle (at 3.6 -4.36 270) (size 0.95 0.95) (drill 0.95) (layers *.Cu *.Mask))
    (pad "" np_thru_hole circle (at -3.6 -4.36 270) (size 0.65 0.65) (drill 0.65) (layers *.Cu *.Mask))
    (pad B2 smd rect (at 2 -3.32 270) (size 0.3 0.7) (layers F.Cu F.Paste F.Mask)
      (net 81 "Net-(J1-PadB2)"))
    (pad B3 smd rect (at 1.5 -3.32 270) (size 0.3 0.7) (layers F.Cu F.Paste F.Mask)
      (net 82 "Net-(J1-PadB3)"))
    (pad B4 smd rect (at 1 -3.32 270) (size 0.3 0.7) (layers F.Cu F.Paste F.Mask)
      (net 4 /5v))
    (pad B5 smd rect (at 0.5 -3.32 270) (size 0.3 0.7) (layers F.Cu F.Paste F.Mask)
      (net 83 /CC2))
    (pad B6 smd rect (at 0 -3.32 270) (size 0.3 0.7) (layers F.Cu F.Paste F.Mask)
      (net 76 /D+))
    (pad B7 smd rect (at -0.5 -3.32 270) (size 0.3 0.7) (layers F.Cu F.Paste F.Mask)
      (net 77 /D-))
    (pad B8 smd rect (at -1 -3.32 270) (size 0.3 0.7) (layers F.Cu F.Paste F.Mask)
      (net 84 "Net-(J1-PadB8)"))
    (pad B9 smd rect (at -1.5 -3.32 270) (size 0.3 0.7) (layers F.Cu F.Paste F.Mask)
      (net 4 /5v))
    (pad B10 smd rect (at -2 -3.32 270) (size 0.3 0.7) (layers F.Cu F.Paste F.Mask)
      (net 85 "Net-(J1-PadB10)"))
    (pad B11 smd rect (at -2.5 -3.32 270) (size 0.3 0.7) (layers F.Cu F.Paste F.Mask)
      (net 86 "Net-(J1-PadB11)"))
    (pad B12 smd rect (at -3 -3.32 270) (size 0.3 0.7) (layers F.Cu F.Paste F.Mask)
      (net 2 GND))
    (model ${KISYS3DMOD}/Connector_USB.3dshapes/USB_C_Receptacle_Amphenol_12401610E4-2A.wrl
      (at (xyz 0 0 0))
      (scale (xyz 1 1 1))
      (rotate (xyz 0 0 0))
    )
  )

  (module Resistor_SMD:R_0805_2012Metric (layer F.Cu) (tedit 5B36C52B) (tstamp 5E1EFC69)
    (at 135.8623 30.988 180)
    (descr "Resistor SMD 0805 (2012 Metric), square (rectangular) end terminal, IPC_7351 nominal, (Body size source: https://docs.google.com/spreadsheets/d/1BsfQQcO9C6DZCsRaXUlFlo91Tg2WpOkGARC1WS5S8t0/edit?usp=sharing), generated with kicad-footprint-generator")
    (tags resistor)
    (path /5DC66C6C)
    (attr smd)
    (fp_text reference R1 (at 0 -1.65) (layer F.SilkS)
      (effects (font (size 1 1) (thickness 0.15)))
    )
    (fp_text value 10k (at 0 1.65) (layer F.Fab) hide
      (effects (font (size 1 1) (thickness 0.15)))
    )
    (fp_line (start -1 0.6) (end -1 -0.6) (layer F.Fab) (width 0.1))
    (fp_line (start -1 -0.6) (end 1 -0.6) (layer F.Fab) (width 0.1))
    (fp_line (start 1 -0.6) (end 1 0.6) (layer F.Fab) (width 0.1))
    (fp_line (start 1 0.6) (end -1 0.6) (layer F.Fab) (width 0.1))
    (fp_line (start -0.258578 -0.71) (end 0.258578 -0.71) (layer F.SilkS) (width 0.12))
    (fp_line (start -0.258578 0.71) (end 0.258578 0.71) (layer F.SilkS) (width 0.12))
    (fp_line (start -1.68 0.95) (end -1.68 -0.95) (layer F.CrtYd) (width 0.05))
    (fp_line (start -1.68 -0.95) (end 1.68 -0.95) (layer F.CrtYd) (width 0.05))
    (fp_line (start 1.68 -0.95) (end 1.68 0.95) (layer F.CrtYd) (width 0.05))
    (fp_line (start 1.68 0.95) (end -1.68 0.95) (layer F.CrtYd) (width 0.05))
    (fp_text user %R (at 0 0) (layer F.Fab)
      (effects (font (size 0.5 0.5) (thickness 0.08)))
    )
    (pad 1 smd roundrect (at -0.9375 0 180) (size 0.975 1.4) (layers F.Cu F.Paste F.Mask) (roundrect_rratio 0.25)
      (net 1 /3v3))
    (pad 2 smd roundrect (at 0.9375 0 180) (size 0.975 1.4) (layers F.Cu F.Paste F.Mask) (roundrect_rratio 0.25)
      (net 87 /EN-RTS))
    (model ${KISYS3DMOD}/Resistor_SMD.3dshapes/R_0805_2012Metric.wrl
      (at (xyz 0 0 0))
      (scale (xyz 1 1 1))
      (rotate (xyz 0 0 0))
    )
  )

  (module Resistor_SMD:R_0805_2012Metric (layer F.Cu) (tedit 5B36C52B) (tstamp 5E1EB57C)
    (at 91 41 270)
    (descr "Resistor SMD 0805 (2012 Metric), square (rectangular) end terminal, IPC_7351 nominal, (Body size source: https://docs.google.com/spreadsheets/d/1BsfQQcO9C6DZCsRaXUlFlo91Tg2WpOkGARC1WS5S8t0/edit?usp=sharing), generated with kicad-footprint-generator")
    (tags resistor)
    (path /5DBBEF48)
    (attr smd)
    (fp_text reference R2 (at 0 -1.65 90) (layer F.SilkS)
      (effects (font (size 1 1) (thickness 0.15)))
    )
    (fp_text value 5.1k (at 0 1.65 90) (layer F.Fab) hide
      (effects (font (size 1 1) (thickness 0.15)))
    )
    (fp_text user %R (at 0 0 90) (layer F.Fab)
      (effects (font (size 0.5 0.5) (thickness 0.08)))
    )
    (fp_line (start 1.68 0.95) (end -1.68 0.95) (layer F.CrtYd) (width 0.05))
    (fp_line (start 1.68 -0.95) (end 1.68 0.95) (layer F.CrtYd) (width 0.05))
    (fp_line (start -1.68 -0.95) (end 1.68 -0.95) (layer F.CrtYd) (width 0.05))
    (fp_line (start -1.68 0.95) (end -1.68 -0.95) (layer F.CrtYd) (width 0.05))
    (fp_line (start -0.258578 0.71) (end 0.258578 0.71) (layer F.SilkS) (width 0.12))
    (fp_line (start -0.258578 -0.71) (end 0.258578 -0.71) (layer F.SilkS) (width 0.12))
    (fp_line (start 1 0.6) (end -1 0.6) (layer F.Fab) (width 0.1))
    (fp_line (start 1 -0.6) (end 1 0.6) (layer F.Fab) (width 0.1))
    (fp_line (start -1 -0.6) (end 1 -0.6) (layer F.Fab) (width 0.1))
    (fp_line (start -1 0.6) (end -1 -0.6) (layer F.Fab) (width 0.1))
    (pad 2 smd roundrect (at 0.9375 0 270) (size 0.975 1.4) (layers F.Cu F.Paste F.Mask) (roundrect_rratio 0.25)
      (net 75 /CC1))
    (pad 1 smd roundrect (at -0.9375 0 270) (size 0.975 1.4) (layers F.Cu F.Paste F.Mask) (roundrect_rratio 0.25)
      (net 2 GND))
    (model ${KISYS3DMOD}/Resistor_SMD.3dshapes/R_0805_2012Metric.wrl
      (at (xyz 0 0 0))
      (scale (xyz 1 1 1))
      (rotate (xyz 0 0 0))
    )
  )

  (module Resistor_SMD:R_0805_2012Metric (layer F.Cu) (tedit 5B36C52B) (tstamp 5E1EF6BB)
    (at 91 47 270)
    (descr "Resistor SMD 0805 (2012 Metric), square (rectangular) end terminal, IPC_7351 nominal, (Body size source: https://docs.google.com/spreadsheets/d/1BsfQQcO9C6DZCsRaXUlFlo91Tg2WpOkGARC1WS5S8t0/edit?usp=sharing), generated with kicad-footprint-generator")
    (tags resistor)
    (path /5DBC0655)
    (attr smd)
    (fp_text reference R3 (at 0 -1.65 90) (layer F.SilkS)
      (effects (font (size 1 1) (thickness 0.15)))
    )
    (fp_text value 5.1k (at 0 1.65 90) (layer F.Fab) hide
      (effects (font (size 1 1) (thickness 0.15)))
    )
    (fp_line (start -1 0.6) (end -1 -0.6) (layer F.Fab) (width 0.1))
    (fp_line (start -1 -0.6) (end 1 -0.6) (layer F.Fab) (width 0.1))
    (fp_line (start 1 -0.6) (end 1 0.6) (layer F.Fab) (width 0.1))
    (fp_line (start 1 0.6) (end -1 0.6) (layer F.Fab) (width 0.1))
    (fp_line (start -0.258578 -0.71) (end 0.258578 -0.71) (layer F.SilkS) (width 0.12))
    (fp_line (start -0.258578 0.71) (end 0.258578 0.71) (layer F.SilkS) (width 0.12))
    (fp_line (start -1.68 0.95) (end -1.68 -0.95) (layer F.CrtYd) (width 0.05))
    (fp_line (start -1.68 -0.95) (end 1.68 -0.95) (layer F.CrtYd) (width 0.05))
    (fp_line (start 1.68 -0.95) (end 1.68 0.95) (layer F.CrtYd) (width 0.05))
    (fp_line (start 1.68 0.95) (end -1.68 0.95) (layer F.CrtYd) (width 0.05))
    (fp_text user %R (at 0 0 90) (layer F.Fab)
      (effects (font (size 0.5 0.5) (thickness 0.08)))
    )
    (pad 1 smd roundrect (at -0.9375 0 270) (size 0.975 1.4) (layers F.Cu F.Paste F.Mask) (roundrect_rratio 0.25)
      (net 2 GND))
    (pad 2 smd roundrect (at 0.9375 0 270) (size 0.975 1.4) (layers F.Cu F.Paste F.Mask) (roundrect_rratio 0.25)
      (net 83 /CC2))
    (model ${KISYS3DMOD}/Resistor_SMD.3dshapes/R_0805_2012Metric.wrl
      (at (xyz 0 0 0))
      (scale (xyz 1 1 1))
      (rotate (xyz 0 0 0))
    )
  )

  (module TestPoint:TestPoint_Pad_D1.0mm (layer F.Cu) (tedit 5A0F774F) (tstamp 5E1EB52E)
    (at 81 52)
    (descr "SMD pad as test Point, diameter 1.0mm")
    (tags "test point SMD pad")
    (path /5DD3FA45)
    (attr virtual)
    (fp_text reference TP1 (at -2.3743 -0.0316) (layer F.Fab)
      (effects (font (size 1 1) (thickness 0.15)))
    )
    (fp_text value "USB D+" (at 4.4329 0.0319) (layer F.SilkS)
      (effects (font (size 1 1) (thickness 0.15)))
    )
    (fp_text user %R (at 0 -1.45) (layer F.Fab) hide
      (effects (font (size 1 1) (thickness 0.15)))
    )
    (fp_circle (center 0 0) (end 1 0) (layer F.CrtYd) (width 0.05))
    (fp_circle (center 0 0) (end 0 0.7) (layer F.SilkS) (width 0.12))
    (pad 1 smd circle (at 0 0) (size 1 1) (layers F.Cu F.Mask)
      (net 76 /D+))
  )

  (module TestPoint:TestPoint_Pad_D1.0mm (layer F.Cu) (tedit 5A0F774F) (tstamp 5E1EB519)
    (at 81 55)
    (descr "SMD pad as test Point, diameter 1.0mm")
    (tags "test point SMD pad")
    (path /5DD3E1DD)
    (attr virtual)
    (fp_text reference TP2 (at -2.4886 0.0672) (layer F.Fab)
      (effects (font (size 1 1) (thickness 0.15)))
    )
    (fp_text value "USB D-" (at 4.3948 0.0672) (layer F.SilkS)
      (effects (font (size 1 1) (thickness 0.15)))
    )
    (fp_circle (center 0 0) (end 0 0.7) (layer F.SilkS) (width 0.12))
    (fp_circle (center 0 0) (end 1 0) (layer F.CrtYd) (width 0.05))
    (fp_text user %R (at 0 -1.45) (layer F.Fab) hide
      (effects (font (size 1 1) (thickness 0.15)))
    )
    (pad 1 smd circle (at 0 0) (size 1 1) (layers F.Cu F.Mask)
      (net 77 /D-))
  )

  (module Package_TO_SOT_SMD:SOT-23-5 (layer F.Cu) (tedit 5A02FF57) (tstamp 5E1EF400)
    (at 105.0519 26.5635 270)
    (descr "5-pin SOT23 package")
    (tags SOT-23-5)
    (path /5DB3AC97)
    (attr smd)
    (fp_text reference U1 (at -2.7891 -0.0787 180) (layer F.SilkS)
      (effects (font (size 1 1) (thickness 0.15)))
    )
    (fp_text value MIC5219-3.3YM5 (at 0 2.9 90) (layer F.Fab) hide
      (effects (font (size 1 1) (thickness 0.15)))
    )
    (fp_text user %R (at 0 0) (layer F.Fab)
      (effects (font (size 0.5 0.5) (thickness 0.075)))
    )
    (fp_line (start -0.9 1.61) (end 0.9 1.61) (layer F.SilkS) (width 0.12))
    (fp_line (start 0.9 -1.61) (end -1.55 -1.61) (layer F.SilkS) (width 0.12))
    (fp_line (start -1.9 -1.8) (end 1.9 -1.8) (layer F.CrtYd) (width 0.05))
    (fp_line (start 1.9 -1.8) (end 1.9 1.8) (layer F.CrtYd) (width 0.05))
    (fp_line (start 1.9 1.8) (end -1.9 1.8) (layer F.CrtYd) (width 0.05))
    (fp_line (start -1.9 1.8) (end -1.9 -1.8) (layer F.CrtYd) (width 0.05))
    (fp_line (start -0.9 -0.9) (end -0.25 -1.55) (layer F.Fab) (width 0.1))
    (fp_line (start 0.9 -1.55) (end -0.25 -1.55) (layer F.Fab) (width 0.1))
    (fp_line (start -0.9 -0.9) (end -0.9 1.55) (layer F.Fab) (width 0.1))
    (fp_line (start 0.9 1.55) (end -0.9 1.55) (layer F.Fab) (width 0.1))
    (fp_line (start 0.9 -1.55) (end 0.9 1.55) (layer F.Fab) (width 0.1))
    (pad 1 smd rect (at -1.1 -0.95 270) (size 1.06 0.65) (layers F.Cu F.Paste F.Mask)
      (net 4 /5v))
    (pad 2 smd rect (at -1.1 0 270) (size 1.06 0.65) (layers F.Cu F.Paste F.Mask)
      (net 2 GND))
    (pad 3 smd rect (at -1.1 0.95 270) (size 1.06 0.65) (layers F.Cu F.Paste F.Mask)
      (net 4 /5v))
    (pad 4 smd rect (at 1.1 0.95 270) (size 1.06 0.65) (layers F.Cu F.Paste F.Mask)
      (net 3 "Net-(C2-Pad1)"))
    (pad 5 smd rect (at 1.1 -0.95 270) (size 1.06 0.65) (layers F.Cu F.Paste F.Mask)
      (net 1 /3v3))
    (model ${KISYS3DMOD}/Package_TO_SOT_SMD.3dshapes/SOT-23-5.wrl
      (at (xyz 0 0 0))
      (scale (xyz 1 1 1))
      (rotate (xyz 0 0 0))
    )
  )

  (module RF_Module:ESP32-WROOM-32 (layer F.Cu) (tedit 5B5B4654) (tstamp 5E1EB3FA)
    (at 129.5273 44 270)
    (descr "Single 2.4 GHz Wi-Fi and Bluetooth combo chip https://www.espressif.com/sites/default/files/documentation/esp32-wroom-32_datasheet_en.pdf")
    (tags "Single 2.4 GHz Wi-Fi and Bluetooth combo  chip")
    (path /5DB33954)
    (attr smd)
    (fp_text reference U2 (at -10.61 8.43) (layer F.SilkS)
      (effects (font (size 1 1) (thickness 0.15)))
    )
    (fp_text value ESP32-WROOM-32 (at 0 11.5 90) (layer F.Fab) hide
      (effects (font (size 1 1) (thickness 0.15)))
    )
    (fp_text user %R (at 0 0 90) (layer F.Fab)
      (effects (font (size 1 1) (thickness 0.15)))
    )
    (fp_text user "KEEP-OUT ZONE" (at 0 -19 90) (layer Cmts.User)
      (effects (font (size 1 1) (thickness 0.15)))
    )
    (fp_text user Antenna (at 0 -13 90) (layer Cmts.User)
      (effects (font (size 1 1) (thickness 0.15)))
    )
    (fp_text user "5 mm" (at 11.8 -14.375 90) (layer Cmts.User)
      (effects (font (size 0.5 0.5) (thickness 0.1)))
    )
    (fp_text user "5 mm" (at -11.2 -14.375 90) (layer Cmts.User)
      (effects (font (size 0.5 0.5) (thickness 0.1)))
    )
    (fp_text user "5 mm" (at 7.8 -19.075) (layer Cmts.User)
      (effects (font (size 0.5 0.5) (thickness 0.1)))
    )
    (fp_line (start -14 -9.97) (end -14 -20.75) (layer Dwgs.User) (width 0.1))
    (fp_line (start 9 9.76) (end 9 -15.745) (layer F.Fab) (width 0.1))
    (fp_line (start -9 9.76) (end 9 9.76) (layer F.Fab) (width 0.1))
    (fp_line (start -9 -15.745) (end -9 -10.02) (layer F.Fab) (width 0.1))
    (fp_line (start -9 -15.745) (end 9 -15.745) (layer F.Fab) (width 0.1))
    (fp_line (start -9.75 10.5) (end -9.75 -9.72) (layer F.CrtYd) (width 0.05))
    (fp_line (start -9.75 10.5) (end 9.75 10.5) (layer F.CrtYd) (width 0.05))
    (fp_line (start 9.75 -9.72) (end 9.75 10.5) (layer F.CrtYd) (width 0.05))
    (fp_line (start -14.25 -21) (end 14.25 -21) (layer F.CrtYd) (width 0.05))
    (fp_line (start -9 -9.02) (end -9 9.76) (layer F.Fab) (width 0.1))
    (fp_line (start -8.5 -9.52) (end -9 -10.02) (layer F.Fab) (width 0.1))
    (fp_line (start -9 -9.02) (end -8.5 -9.52) (layer F.Fab) (width 0.1))
    (fp_line (start 14 -9.97) (end -14 -9.97) (layer Dwgs.User) (width 0.1))
    (fp_line (start 14 -9.97) (end 14 -20.75) (layer Dwgs.User) (width 0.1))
    (fp_line (start 14 -20.75) (end -14 -20.75) (layer Dwgs.User) (width 0.1))
    (fp_line (start -14.25 -21) (end -14.25 -9.72) (layer F.CrtYd) (width 0.05))
    (fp_line (start 14.25 -21) (end 14.25 -9.72) (layer F.CrtYd) (width 0.05))
    (fp_line (start -14.25 -9.72) (end -9.75 -9.72) (layer F.CrtYd) (width 0.05))
    (fp_line (start 9.75 -9.72) (end 14.25 -9.72) (layer F.CrtYd) (width 0.05))
    (fp_line (start -12.525 -20.75) (end -14 -19.66) (layer Dwgs.User) (width 0.1))
    (fp_line (start -10.525 -20.75) (end -14 -18.045) (layer Dwgs.User) (width 0.1))
    (fp_line (start -8.525 -20.75) (end -14 -16.43) (layer Dwgs.User) (width 0.1))
    (fp_line (start -6.525 -20.75) (end -14 -14.815) (layer Dwgs.User) (width 0.1))
    (fp_line (start -4.525 -20.75) (end -14 -13.2) (layer Dwgs.User) (width 0.1))
    (fp_line (start -2.525 -20.75) (end -14 -11.585) (layer Dwgs.User) (width 0.1))
    (fp_line (start -0.525 -20.75) (end -14 -9.97) (layer Dwgs.User) (width 0.1))
    (fp_line (start 1.475 -20.75) (end -12 -9.97) (layer Dwgs.User) (width 0.1))
    (fp_line (start 3.475 -20.75) (end -10 -9.97) (layer Dwgs.User) (width 0.1))
    (fp_line (start -8 -9.97) (end 5.475 -20.75) (layer Dwgs.User) (width 0.1))
    (fp_line (start 7.475 -20.75) (end -6 -9.97) (layer Dwgs.User) (width 0.1))
    (fp_line (start 9.475 -20.75) (end -4 -9.97) (layer Dwgs.User) (width 0.1))
    (fp_line (start 11.475 -20.75) (end -2 -9.97) (layer Dwgs.User) (width 0.1))
    (fp_line (start 13.475 -20.75) (end 0 -9.97) (layer Dwgs.User) (width 0.1))
    (fp_line (start 14 -19.66) (end 2 -9.97) (layer Dwgs.User) (width 0.1))
    (fp_line (start 14 -18.045) (end 4 -9.97) (layer Dwgs.User) (width 0.1))
    (fp_line (start 14 -16.43) (end 6 -9.97) (layer Dwgs.User) (width 0.1))
    (fp_line (start 14 -14.815) (end 8 -9.97) (layer Dwgs.User) (width 0.1))
    (fp_line (start 14 -13.2) (end 10 -9.97) (layer Dwgs.User) (width 0.1))
    (fp_line (start 14 -11.585) (end 12 -9.97) (layer Dwgs.User) (width 0.1))
    (fp_line (start 9.2 -13.875) (end 13.8 -13.875) (layer Cmts.User) (width 0.1))
    (fp_line (start 13.8 -13.875) (end 13.6 -14.075) (layer Cmts.User) (width 0.1))
    (fp_line (start 13.8 -13.875) (end 13.6 -13.675) (layer Cmts.User) (width 0.1))
    (fp_line (start 9.2 -13.875) (end 9.4 -14.075) (layer Cmts.User) (width 0.1))
    (fp_line (start 9.2 -13.875) (end 9.4 -13.675) (layer Cmts.User) (width 0.1))
    (fp_line (start -13.8 -13.875) (end -13.6 -14.075) (layer Cmts.User) (width 0.1))
    (fp_line (start -13.8 -13.875) (end -13.6 -13.675) (layer Cmts.User) (width 0.1))
    (fp_line (start -9.2 -13.875) (end -9.4 -13.675) (layer Cmts.User) (width 0.1))
    (fp_line (start -13.8 -13.875) (end -9.2 -13.875) (layer Cmts.User) (width 0.1))
    (fp_line (start -9.2 -13.875) (end -9.4 -14.075) (layer Cmts.User) (width 0.1))
